: TEST_ITERATIONS: 100 COMMAND_SIZE: 100
scene_0
0.019401
0.014229
0.014497
0.014898
0.015296
0.016428
0.016009
0.017017
0.016587
0.017033
0.017299
0.01763
0.018039
0.017867
0.018611
0.019111
0.019308
0.019552
0.019449
0.023675
0.019977
0.019987
0.02052
0.020915
0.02084
0.021196
0.021745
0.021913
0.022018
0.023501
0.024725
0.024806
0.022759
0.023341
0.023641
0.024285
0.02633
0.024605
0.025128
0.02559
0.025922
0.02593
0.0267
0.026757
0.026738
0.033628
0.025423
0.02774
0.030326
0.035153
0.027266
0.028577
0.028573
0.029103
0.029449
0.02944
0.029748
0.030335
0.030311
0.030669
0.03205
0.030974
0.03116
0.031736
0.03167
0.032234
0.032361
0.032844
0.03271
0.033226
0.033887
0.033427
0.036053
0.034211
0.034453
0.035012
0.03466
0.034717
0.035609
0.035419
0.035965
0.036274
0.036283
0.036417
0.037185
0.036824
0.037545
0.037728
0.038765
0.038371
0.03833
0.038805
0.03935
0.039567
0.039548
0.040339
0.040438
0.040263
0.041068
0.040981
scene_1
0.014509
0.015002
0.01574
0.015812
0.015748
0.016117
0.016384
0.016956
0.017042
0.017239
0.0177
0.017466
0.018297
0.018195
0.018614
0.018771
0.018593
0.019676
0.019483
0.019571
0.020319
0.020147
0.020421
0.021179
0.021153
0.021128
0.021766
0.021972
0.021888
0.022683
0.022569
0.02291
0.022953
0.023687
0.023788
0.024495
0.024671
0.024809
0.025515
0.025781
0.026136
0.026312
0.026287
0.027547
0.027087
0.027106
0.027225
0.027749
0.028443
0.028451
0.028479
0.028574
0.028923
0.029065
0.029329
0.029888
0.030088
0.030105
0.030354
0.030804
0.030956
0.034048
0.032484
0.032709
0.032191
0.032323
0.032302
0.03298
0.033247
0.033308
0.033555
0.034061
0.034171
0.034779
0.034904
0.035043
0.035496
0.03535
0.036068
0.037412
0.036582
0.036631
0.036845
0.03715
0.037343
0.038026
0.038531
0.038381
0.038347
0.040086
0.038799
0.03904
0.03998
0.040321
0.040764
0.04093
0.040751
0.040941
0.041276
0.041429
scene_2
0.025357
0.026792
0.027502
0.028428
0.029148
0.030584
0.039913
0.030206
0.030551
0.033606
0.034039
0.039021
0.034398
0.036139
0.037055
0.038322
0.038255
0.039468
0.040427
0.041332
0.042004
0.04266
0.043502
0.044379
0.045046
0.045762
0.047003
0.047321
0.048483
0.049063
0.050688
0.050418
0.051726
0.052237
0.053681
0.053609
0.056257
0.05691
0.057892
0.058589
0.059532
0.060376
0.061214
0.062633
0.064449
0.064092
0.067553
0.06589
0.067192
0.06667
0.067781
0.068895
0.069653
0.070558
0.071562
0.072703
0.072638
0.07404
0.07483
0.074677
0.0782
0.076757
0.077566
0.07798
0.078409
0.079545
0.08792
0.0873
0.084082
0.08522
0.086397
0.084668
0.087359
0.087221
0.088674
0.089052
0.088652
0.089839
0.095888
0.091553
0.091369
0.09148
0.092711
0.094373
0.095728
0.098896
0.096921
0.096934
0.097183
0.098667
0.101138
0.100703
0.101215
0.102207
0.103467
0.103329
0.104354
0.105308
0.107249
0.107889
scene_3
0.054659
0.057792
0.060471
0.065038
0.065394
0.068535
0.071049
0.073221
0.075034
0.077035
0.079651
0.082796
0.085206
0.086782
0.088423
0.090652
0.092684
0.096091
0.099013
0.100905
0.106055
0.10556
0.10942
0.110687
0.11236
0.114211
0.116718
0.120425
0.12273
0.123871
0.128792
0.13068
0.130458
0.134148
0.135806
0.139367
0.14469
0.152728
0.149488
0.152103
0.153233
0.158323
0.1594
0.162479
0.163136
0.165463
0.169049
0.170302
0.172227
0.174454
0.176184
0.178335
0.182403
0.184841
0.186673
0.191529
0.191948
0.192941
0.197809
0.196964
0.2011
0.204474
0.205859
0.208057
0.21262
0.21164
0.213649
0.216151
0.22041
0.220438
0.223554
0.225211
0.230182
0.229721
0.23103
0.234683
0.23957
0.239422
0.241896
0.243367
0.252197
0.251734
0.251341
0.253229
0.25733
0.257936
0.259982
0.262632
0.267027
0.265804
0.270402
0.271543
0.279974
0.275788
0.278903
0.280091
0.288704
0.295046
0.288593
0.296299
scene_4
0.019922
0.019775
0.020232
0.021343
0.021292
0.022438
0.022559
0.023148
0.02347
0.024518
0.024639
0.025454
0.025833
0.027767
0.027338
0.027524
0.02799
0.028456
0.028915
0.029533
0.030055
0.030418
0.031074
0.031584
0.03199
0.032606
0.033339
0.033751
0.034233
0.035563
0.034945
0.036225
0.036467
0.036787
0.037138
0.038284
0.039498
0.039841
0.04009
0.041371
0.04101
0.041535
0.04267
0.042674
0.043233
0.04434
0.044108
0.045089
0.045437
0.046016
0.046333
0.047073
0.047169
0.048904
0.048238
0.049649
0.049108
0.050244
0.050564
0.05094
0.050847
0.05199
0.051779
0.053391
0.053514
0.054312
0.054503
0.056025
0.056491
0.055197
0.056149
0.056527
0.057666
0.05837
0.058434
0.059555
0.059616
0.060411
0.06067
0.061192
0.06233
0.062975
0.062468
0.063001
0.06355
0.064036
0.06442
0.065308
0.065892
0.066191
0.066947
0.066971
0.067773
0.068272
0.068649
0.069255
0.069531
0.070626
0.070764
0.070849
END
END
END
END
END
