: TEST_ITERATIONS: 100 COMMAND_SIZE: 100
scene_0
0.016322
0.014085
0.014339
0.01456
0.014791
0.015199
0.016053
0.016475
0.016574
0.017024
0.0169
0.017735
0.017483
0.018261
0.018317
0.018458
0.019337
0.019003
0.019605
0.019933
0.019687
0.020485
0.020761
0.020655
0.021533
0.021535
0.021667
0.022195
0.022368
0.023497
0.023648
0.024169
0.025682
0.024669
0.025067
0.025137
0.025518
0.025801
0.026198
0.026425
0.026702
0.027127
0.027295
0.02762
0.027673
0.028188
0.028691
0.028777
0.028823
0.029827
0.02935
0.030104
0.030205
0.030292
0.030565
0.030887
0.031208
0.031527
0.032139
0.032161
0.033073
0.03242
0.032995
0.033192
0.033391
0.033944
0.035323
0.034546
0.034626
0.034736
0.035375
0.04192
0.036203
0.036255
0.036127
0.037011
0.0369
0.037378
0.037825
0.037958
0.038555
0.038562
0.03865
0.039263
0.039896
0.039582
0.04009
0.040007
0.040177
0.040768
0.041354
0.041439
0.042572
0.041906
0.041893
0.042169
0.042578
0.042606
0.046086
0.045994
scene_1
0.014181
0.014495
0.014898
0.015278
0.015123
0.016444
0.015868
0.016592
0.016638
0.01688
0.017308
0.01748
0.017985
0.017929
0.018633
0.018632
0.018808
0.019688
0.019699
0.019879
0.020314
0.020305
0.020798
0.021058
0.021157
0.021512
0.022332
0.022053
0.022448
0.02352
0.024195
0.024337
0.024519
0.026364
0.025782
0.025689
0.025353
0.025778
0.026161
0.026653
0.026622
0.02729
0.027812
0.027739
0.027991
0.028552
0.03379
0.02841
0.029186
0.029854
0.030389
0.030395
0.030618
0.030825
0.030648
0.031338
0.031309
0.031828
0.032298
0.032293
0.03279
0.032901
0.033072
0.033454
0.034238
0.034273
0.034328
0.035014
0.034758
0.035248
0.035622
0.035408
0.035912
0.036492
0.03625
0.036671
0.037253
0.037216
0.037458
0.03788
0.03835
0.038414
0.038727
0.038791
0.039656
0.039528
0.039967
0.040544
0.040675
0.040952
0.041466
0.041491
0.041724
0.043289
0.043437
0.042674
0.043096
0.043256
0.043478
0.043999
scene_2
0.024044
0.025444
0.026152
0.027371
0.028363
0.029021
0.030019
0.030773
0.031703
0.032698
0.033477
0.034456
0.035575
0.036532
0.037311
0.038239
0.03893
0.040682
0.041161
0.042147
0.043786
0.044063
0.045459
0.045754
0.047626
0.047483
0.048964
0.050001
0.051686
0.069582
0.054139
0.055593
0.056537
0.056789
0.057968
0.059313
0.059487
0.061089
0.062255
0.064117
0.064075
0.065533
0.065605
0.066784
0.067361
0.070824
0.069255
0.070162
0.071619
0.072138
0.073545
0.07348
0.075077
0.077675
0.077697
0.079304
0.078555
0.080406
0.080766
0.083632
0.085457
0.083368
0.083579
0.084392
0.085287
0.087658
0.087905
0.08823
0.089138
0.090347
0.091207
0.091686
0.091102
0.092797
0.093975
0.095335
0.096304
0.097517
0.098526
0.100183
0.099849
0.101715
0.101588
0.101956
0.10318
0.104287
0.105244
0.105381
0.10649
0.108146
0.109691
0.109745
0.109981
0.111049
0.111839
0.112873
0.112935
0.113954
0.114649
0.117168
scene_3
0.053569
0.061112
0.061932
0.065331
0.067865
0.073657
0.07152
0.078736
0.076848
0.080123
0.08497
0.084487
0.088486
0.092676
0.095961
0.09966
0.100186
0.101691
0.104105
0.105642
0.111228
0.112007
0.11809
0.116798
0.11891
0.12226
0.130408
0.130291
0.129752
0.135267
0.138315
0.144154
0.145079
0.148032
0.152064
0.155879
0.158523
0.161453
0.162939
0.166894
0.170364
0.173732
0.177443
0.176915
0.179483
0.183397
0.187852
0.187548
0.191554
0.192056
0.194317
0.198949
0.20076
0.20255
0.204886
0.207965
0.211645
0.213574
0.220733
0.218626
0.22122
0.222795
0.225476
0.228181
0.232493
0.234259
0.236074
0.240058
0.241604
0.247894
0.246632
0.250654
0.253042
0.255195
0.258211
0.261696
0.263677
0.265045
0.266618
0.269419
0.273487
0.279399
0.279958
0.284643
0.284523
0.29267
0.289632
0.294009
0.294772
0.305255
0.298329
0.302538
0.303497
0.30719
0.310465
0.315601
0.316345
0.318772
0.318962
0.323123
scene_4
0.019233
0.019942
0.020262
0.021456
0.021744
0.021548
0.022614
0.023442
0.023713
0.024323
0.02531
0.026047
0.02639
0.027059
0.027659
0.028229
0.028915
0.029839
0.030263
0.031344
0.030852
0.031431
0.031979
0.032828
0.033237
0.034135
0.034924
0.035135
0.035535
0.038174
0.038304
0.038984
0.039607
0.040111
0.041007
0.042257
0.045459
0.046246
0.043925
0.044787
0.045113
0.045242
0.045852
0.04587
0.04711
0.046983
0.047553
0.048441
0.04851
0.049776
0.05128
0.050631
0.050513
0.051581
0.051392
0.052586
0.053051
0.053947
0.053715
0.055354
0.055869
0.056504
0.056438
0.056465
0.058323
0.058828
0.058995
0.059449
0.060226
0.061608
0.061102
0.061953
0.062246
0.062873
0.063655
0.063948
0.064995
0.065751
0.066282
0.066141
0.067132
0.067468
0.067673
0.068564
0.069944
0.069671
0.070773
0.070669
0.071495
0.072106
0.073112
0.073518
0.073832
0.074318
0.075133
0.075861
0.075297
0.076604
0.076911
0.076591
END
END
END
END
END
