: TEST_ITERATIONS: 100 COMMAND_SIZE: 100
scene_0
0.015642
0.016034
0.016753
0.017349
0.018287
0.019703
0.020696
0.021201
0.026407
0.021823
0.024072
0.027574
0.023872
0.02546
0.026154
0.027008
0.027793
0.028335
0.028984
0.029643
0.031855
0.037727
0.031144
0.03306
0.033499
0.03387
0.034925
0.035484
0.036105
0.036815
0.037723
0.038752
0.039028
0.03969
0.0407
0.042662
0.043557
0.05003
0.044105
0.04497
0.04548
0.046755
0.046818
0.048455
0.048359
0.04919
0.050198
0.051093
0.051362
0.052436
0.052959
0.053909
0.054616
0.055419
0.055904
0.056745
0.059499
0.06004
0.061958
0.059954
0.059936
0.061063
0.061926
0.06219
0.063348
0.069702
0.064345
0.065854
0.066891
0.067114
0.067829
0.067432
0.068828
0.069388
0.069986
0.070862
0.071681
0.072118
0.072379
0.073828
0.074415
0.074846
0.075388
0.076173
0.077287
0.07902
0.077597
0.0794
0.080125
0.079998
0.082424
0.080473
0.081541
0.082494
0.086048
0.082792
0.084123
0.086886
0.086246
0.087611
scene_1
0.016352
0.016149
0.017586
0.017953
0.018667
0.019901
0.020268
0.021127
0.022022
0.022553
0.023186
0.024254
0.025711
0.026951
0.0268
0.027022
0.027648
0.028473
0.029134
0.030253
0.030645
0.031405
0.032216
0.032735
0.033541
0.034253
0.034955
0.035614
0.036286
0.037198
0.03832
0.038276
0.039206
0.039863
0.040906
0.042654
0.043307
0.044541
0.044783
0.046762
0.051906
0.046768
0.047507
0.048921
0.049087
0.050258
0.050253
0.051338
0.051202
0.052763
0.05314
0.055929
0.054518
0.055649
0.056033
0.057004
0.057541
0.058253
0.05925
0.059576
0.060434
0.061966
0.061983
0.062685
0.062797
0.063629
0.064497
0.065646
0.066288
0.067092
0.067593
0.068063
0.069245
0.06875
0.076036
0.06959
0.070864
0.071991
0.075103
0.073655
0.0739
0.07557
0.075769
0.076177
0.077361
0.077679
0.07795
0.079938
0.08023
0.080225
0.081625
0.081877
0.083952
0.083594
0.085833
0.087209
0.086795
0.086807
0.087179
0.086783
scene_2
0.029177
0.031638
0.034317
0.036642
0.039312
0.04182
0.04394
0.04636
0.048888
0.050844
0.053713
0.055942
0.057982
0.059809
0.062895
0.0651
0.067157
0.068938
0.072042
0.073988
0.079628
0.079088
0.079792
0.082249
0.085398
0.089078
0.097168
0.09179
0.092828
0.09511
0.097522
0.101351
0.10174
0.104251
0.107042
0.113603
0.117308
0.118006
0.119889
0.122157
0.126452
0.125745
0.127892
0.132583
0.134172
0.138402
0.141408
0.139177
0.141391
0.143292
0.146461
0.14824
0.15055
0.158639
0.156507
0.160122
0.159569
0.162785
0.164402
0.167863
0.177442
0.171944
0.172779
0.189139
0.17819
0.180333
0.182868
0.18349
0.187437
0.189975
0.191575
0.20232
0.197323
0.196973
0.201348
0.202428
0.204005
0.211703
0.20916
0.211023
0.213562
0.215172
0.221805
0.219032
0.220352
0.224411
0.225448
0.229703
0.234432
0.232398
0.237192
0.239085
0.240622
0.243888
0.244037
0.245043
0.24876
0.24983
0.253866
0.255138
scene_3
0.065798
0.072863
0.079617
0.086616
0.09431
0.10166
0.108412
0.11382
0.121617
0.127128
0.133905
0.139771
0.145656
0.152701
0.159763
0.16569
0.176436
0.187326
0.185255
0.193585
0.197303
0.204844
0.211104
0.217935
0.223903
0.232871
0.237532
0.244068
0.251759
0.258841
0.267003
0.275285
0.286575
0.290915
0.298905
0.310231
0.315786
0.323143
0.334214
0.335148
0.344656
0.347849
0.354777
0.36211
0.368765
0.374943
0.379143
0.387794
0.394227
0.399901
0.40818
0.416677
0.420622
0.425909
0.432504
0.438753
0.445176
0.451531
0.457318
0.463221
0.469086
0.49611
0.484296
0.488888
0.495489
0.501745
0.514795
0.5147
0.521734
0.528982
0.536383
0.546853
0.551732
0.555213
0.560094
0.565552
0.576163
0.583535
0.588748
0.593326
0.600937
0.608254
0.615714
0.622118
0.631229
0.636132
0.643819
0.649544
0.652628
0.65854
0.663614
0.672181
0.679108
0.685185
0.692413
0.698022
0.710705
0.714426
0.717258
0.720364
scene_4
0.022416
0.023478
0.024764
0.026246
0.028203
0.030154
0.031203
0.033225
0.034304
0.037567
0.037296
0.038613
0.040459
0.041275
0.042867
0.044643
0.045991
0.04729
0.04845
0.050404
0.051351
0.052395
0.053811
0.055145
0.056754
0.058808
0.059577
0.06112
0.062615
0.064184
0.065395
0.067515
0.069385
0.07042
0.071983
0.075419
0.076408
0.078229
0.07869
0.081915
0.081733
0.083752
0.084578
0.085839
0.087822
0.090995
0.089921
0.09383
0.093443
0.094112
0.095921
0.097493
0.098159
0.09945
0.102241
0.102203
0.106449
0.105513
0.108671
0.108639
0.108975
0.110499
0.112852
0.112982
0.114038
0.115094
0.117003
0.118439
0.119682
0.122273
0.123169
0.123844
0.126574
0.12687
0.128345
0.129898
0.130679
0.133521
0.134068
0.135368
0.136257
0.138268
0.138925
0.140104
0.144052
0.144247
0.143712
0.14624
0.147658
0.152533
0.150606
0.151535
0.155241
0.15453
0.155155
0.156807
0.157633
0.161749
0.164136
0.162456
END
END
END
END
END
