: TEST_ITERATIONS: 100 COMMAND_SIZE: 100
scene_0
0.014569
0.017474
0.017822
0.021184
0.023063
0.023931
0.030106
0.026699
0.030907
0.031542
0.033165
0.035633
0.039197
0.039547
0.040369
0.04282
0.043945
0.046186
0.048529
0.049375
0.05188
0.053334
0.056218
0.058186
0.059245
0.063723
0.076016
0.071605
0.073959
0.068601
0.070489
0.073064
0.076653
0.077929
0.081094
0.089399
0.090308
0.09249
0.093162
0.095159
0.095382
0.096744
0.099288
0.100639
0.103316
0.103929
0.105713
0.110121
0.11211
0.111972
0.113634
0.115544
0.118647
0.122696
0.124026
0.125372
0.125796
0.12685
0.129855
0.130392
0.134085
0.13597
0.13728
0.140187
0.14149
0.14316
0.14488
0.1469
0.147768
0.150919
0.151879
0.153825
0.155119
0.157844
0.159444
0.160632
0.163966
0.165792
0.168107
0.169792
0.170751
0.172651
0.176884
0.176933
0.17784
0.18099
0.182855
0.183983
0.187094
0.187288
0.187325
0.189431
0.190769
0.194096
0.19879
0.205874
0.198859
0.201919
0.203001
0.205302
scene_1
0.014982
0.016426
0.018776
0.020289
0.021464
0.023801
0.025225
0.027356
0.030093
0.031789
0.033547
0.035682
0.037229
0.039254
0.040655
0.042483
0.044404
0.046051
0.048616
0.049788
0.052863
0.053615
0.05615
0.05793
0.060097
0.063815
0.077867
0.072055
0.073915
0.069478
0.071185
0.073112
0.076533
0.078955
0.083774
0.092081
0.090282
0.091857
0.093604
0.095515
0.099426
0.098258
0.100883
0.102878
0.104735
0.106962
0.108039
0.109252
0.110725
0.11155
0.11371
0.116077
0.119353
0.122915
0.12393
0.125722
0.127686
0.129503
0.130787
0.132629
0.13403
0.136714
0.138492
0.139679
0.141464
0.14454
0.145139
0.146413
0.149223
0.152631
0.152029
0.153629
0.156585
0.158794
0.16011
0.162631
0.16253
0.164312
0.166808
0.16982
0.170764
0.172579
0.173967
0.176166
0.177976
0.18024
0.182418
0.184852
0.185053
0.190924
0.190505
0.191282
0.193503
0.195863
0.196866
0.199325
0.201707
0.20253
0.204856
0.204695
scene_2
0.029903
0.031543
0.037792
0.044311
0.048858
0.05395
0.058817
0.064564
0.077972
0.081704
0.086524
0.090864
0.096028
0.101212
0.106452
0.112376
0.120654
0.123547
0.131128
0.136613
0.141891
0.149813
0.153617
0.160141
0.167096
0.178064
0.220396
0.208069
0.212088
0.197177
0.20469
0.208633
0.220931
0.227475
0.237059
0.264505
0.262754
0.268352
0.276233
0.276607
0.282323
0.290508
0.296585
0.302397
0.308659
0.315357
0.322455
0.323837
0.332605
0.336676
0.343139
0.353397
0.356489
0.366254
0.368207
0.377168
0.383061
0.391653
0.390765
0.397971
0.405703
0.411951
0.416088
0.423142
0.427009
0.431483
0.439698
0.445251
0.454116
0.458375
0.465412
0.468415
0.475253
0.482815
0.485814
0.492436
0.497369
0.506275
0.513896
0.515197
0.522602
0.527897
0.534737
0.546385
0.545958
0.552425
0.559321
0.563881
0.571682
0.575788
0.579315
0.586971
0.595776
0.604074
0.606885
0.611509
0.621428
0.622894
0.630977
0.63883
scene_3
0.053571
0.071598
0.085434
0.101278
0.123019
0.138749
0.154067
0.168335
0.189796
0.206326
0.221513
0.237725
0.254922
0.269214
0.287548
0.305089
0.320716
0.337466
0.358234
0.375983
0.389756
0.408764
0.42526
0.44287
0.459996
0.494219
0.613592
0.587436
0.601184
0.587378
0.603979
0.623335
0.651219
0.665134
0.665497
0.720795
0.73197
0.752902
0.76488
0.784807
0.802745
0.822888
0.837144
0.855041
0.870599
0.889972
0.905266
0.92513
0.940981
0.957668
0.972351
0.996067
1.01285
1.03218
1.04735
1.06695
1.08335
1.09734
1.11538
1.13574
1.16131
1.17136
1.18205
1.19125
1.20963
1.22706
1.24175
1.25981
1.27897
1.29543
1.31279
1.32968
1.347
1.36993
1.38136
1.39887
1.41711
1.43705
1.45519
1.47198
1.4912
1.5055
1.52431
1.54142
1.55636
1.57538
1.59323
1.61038
1.62949
1.64212
1.66349
1.68119
1.69544
1.71569
1.73244
1.74751
1.77046
1.79166
1.80373
1.81939
scene_4
0.019138
0.022631
0.026039
0.029316
0.033342
0.036537
0.039817
0.04219
0.047258
0.050668
0.053979
0.057634
0.060631
0.064265
0.067671
0.07108
0.074555
0.07801
0.081694
0.085403
0.089073
0.092686
0.096332
0.100091
0.10369
0.110577
0.13747
0.128335
0.131295
0.125324
0.129583
0.133858
0.139957
0.143873
0.146414
0.161337
0.16397
0.16748
0.170646
0.174059
0.177705
0.181469
0.18516
0.18923
0.197061
0.1961
0.199482
0.203607
0.207211
0.209666
0.212905
0.216933
0.219697
0.223942
0.228908
0.231142
0.235483
0.239536
0.24565
0.249032
0.252767
0.253661
0.258493
0.262275
0.266591
0.268143
0.271107
0.274871
0.278656
0.282406
0.285808
0.289649
0.294049
0.298091
0.301064
0.305351
0.30822
0.314667
0.317362
0.320982
0.325594
0.328028
0.332964
0.336654
0.339657
0.34208
0.348257
0.352637
0.354688
0.358455
0.362757
0.366712
0.369717
0.372755
0.375527
0.380312
0.384417
0.388345
0.391887
0.395902
END
END
END
END
END
