: TEST_ITERATIONS: 100 COMMAND_SIZE: 100
scene_0
0.018468
0.019395
0.020272
0.021308
0.02214
0.023369
0.024148
0.025258
0.026179
0.026981
0.027986
0.028963
0.029843
0.033805
0.033366
0.032723
0.033694
0.034967
0.035671
0.036695
0.037701
0.03874
0.039363
0.040636
0.041346
0.042382
0.043515
0.044462
0.045164
0.046176
0.047426
0.04811
0.049111
0.05006
0.050987
0.051951
0.054449
0.055065
0.05641
0.057417
0.058588
0.060192
0.060128
0.061713
0.062179
0.063264
0.063897
0.065521
0.065768
0.067027
0.067853
0.068992
0.069803
0.071016
0.07181
0.072649
0.074125
0.074768
0.075587
0.076648
0.077499
0.079267
0.079446
0.081034
0.081632
0.082037
0.082925
0.084064
0.085276
0.086523
0.087136
0.08769
0.089129
0.089876
0.090721
0.092114
0.092616
0.093975
0.094549
0.095564
0.096792
0.098021
0.099939
0.099116
0.101217
0.100972
0.102679
0.107606
0.10386
0.105396
0.108253
0.107483
0.108461
0.109213
0.109484
0.112245
0.116679
0.112373
0.113954
0.118022
scene_1
0.018286
0.019361
0.020358
0.021197
0.022619
0.023416
0.024364
0.025483
0.02647
0.027394
0.028572
0.02935
0.030346
0.031132
0.032588
0.036113
0.038286
0.035137
0.035821
0.036716
0.037761
0.038726
0.039605
0.040414
0.041606
0.042645
0.043425
0.046511
0.045482
0.046503
0.047497
0.048061
0.049309
0.054702
0.051121
0.052243
0.054231
0.055304
0.056159
0.058307
0.059171
0.064398
0.06
0.061107
0.062757
0.06867
0.068846
0.067438
0.067246
0.06693
0.067843
0.068649
0.069968
0.07169
0.07183
0.072452
0.0737
0.074622
0.075285
0.076471
0.077364
0.079439
0.079663
0.081048
0.082004
0.082827
0.083667
0.084976
0.085626
0.087508
0.088097
0.096259
0.089119
0.090945
0.091648
0.092592
0.093643
0.09451
0.094999
0.096611
0.098339
0.098189
0.098951
0.100357
0.106927
0.101863
0.102383
0.103118
0.104718
0.108638
0.107062
0.111066
0.109497
0.112236
0.110903
0.113416
0.112617
0.113753
0.116215
0.115742
scene_2
0.038049
0.044612
0.047352
0.047066
0.050254
0.053263
0.056391
0.059478
0.062371
0.065307
0.06844
0.071715
0.074702
0.077698
0.08081
0.083859
0.087196
0.09011
0.092963
0.096204
0.099282
0.102389
0.105345
0.108773
0.111678
0.114511
0.117844
0.120634
0.128492
0.126872
0.130277
0.133229
0.137142
0.139501
0.142558
0.146915
0.153718
0.15638
0.158941
0.162517
0.165004
0.168251
0.172214
0.177399
0.181857
0.181208
0.18355
0.186856
0.18988
0.193312
0.196049
0.199332
0.201944
0.211473
0.208522
0.211054
0.214139
0.217398
0.220227
0.223921
0.226771
0.229908
0.233062
0.236413
0.239386
0.242075
0.245362
0.24847
0.251555
0.254101
0.257392
0.26017
0.266993
0.275683
0.270117
0.278396
0.276387
0.279702
0.281251
0.28535
0.287798
0.291296
0.294845
0.297335
0.300712
0.30393
0.307363
0.309546
0.313378
0.315762
0.318564
0.321192
0.325253
0.328599
0.330919
0.334858
0.33763
0.340902
0.343933
0.346554
scene_3
0.0943
0.101562
0.109806
0.119297
0.128109
0.137223
0.146277
0.155004
0.164227
0.172851
0.181875
0.192073
0.202225
0.211617
0.21794
0.22699
0.236798
0.245885
0.254807
0.263893
0.27303
0.28182
0.290687
0.301635
0.310947
0.320169
0.32856
0.339447
0.346398
0.359029
0.368543
0.374823
0.383489
0.394302
0.401545
0.408643
0.434263
0.44164
0.450664
0.459911
0.467785
0.477782
0.488028
0.495752
0.504356
0.513895
0.522582
0.532596
0.540919
0.550876
0.559525
0.567548
0.577026
0.586692
0.597446
0.607616
0.611971
0.621046
0.631136
0.640976
0.649954
0.662093
0.667144
0.676069
0.68499
0.693454
0.702956
0.712122
0.719614
0.731006
0.738678
0.747395
0.755884
0.765848
0.774486
0.784693
0.793576
0.803918
0.809907
0.822744
0.828604
0.838847
0.846169
0.856325
0.874874
0.878504
0.927755
0.89465
0.908082
0.907571
0.919584
0.926327
0.936951
0.946003
0.956657
0.965747
0.972491
0.982072
0.989065
1.00001
scene_4
0.027394
0.029259
0.031047
0.033102
0.034977
0.036889
0.038716
0.040723
0.042553
0.044499
0.04628
0.048326
0.050546
0.05256
0.054092
0.055998
0.058157
0.060299
0.062108
0.063783
0.065834
0.067643
0.069956
0.071459
0.073353
0.075328
0.077144
0.079294
0.08184
0.082921
0.085371
0.086825
0.089074
0.09056
0.093042
0.095637
0.099616
0.101295
0.10341
0.105224
0.107013
0.108976
0.11073
0.113049
0.114864
0.116887
0.118539
0.12067
0.12212
0.124464
0.126141
0.12825
0.12989
0.132106
0.133862
0.135715
0.138019
0.1399
0.141177
0.143455
0.145243
0.147498
0.149329
0.151291
0.153232
0.155022
0.157022
0.158943
0.160597
0.162932
0.164612
0.167073
0.170351
0.172272
0.174171
0.175455
0.176206
0.178173
0.180004
0.181684
0.18356
0.185958
0.187742
0.189879
0.191475
0.193729
0.194918
0.197451
0.19919
0.200804
0.203076
0.205056
0.207174
0.208524
0.210279
0.212562
0.214321
0.216419
0.218139
0.220476
END
END
END
END
END
