: TEST_ITERATIONS: 100 COMMAND_SIZE: 100
scene_0
0.015702
0.016021
0.016661
0.017049
0.017695
0.018266
0.019546
0.019347
0.019826
0.020879
0.021034
0.02169
0.022076
0.022509
0.023053
0.023733
0.024116
0.024896
0.025738
0.025885
0.026581
0.02748
0.027372
0.028747
0.028371
0.028925
0.029403
0.029931
0.030552
0.030989
0.031545
0.032124
0.032647
0.033137
0.033762
0.034308
0.036281
0.036865
0.037367
0.037811
0.038236
0.038842
0.039293
0.039985
0.040546
0.041035
0.041562
0.042152
0.042706
0.043017
0.043672
0.044155
0.044751
0.045333
0.045764
0.046342
0.046937
0.047383
0.047868
0.048415
0.048936
0.049548
0.050103
0.05067
0.051154
0.051633
0.052196
0.052806
0.053147
0.05359
0.054299
0.054839
0.055371
0.056012
0.056472
0.056976
0.057465
0.057996
0.058766
0.060346
0.059643
0.060165
0.060743
0.061196
0.06181
0.062629
0.062779
0.063478
0.063965
0.064408
0.06505
0.065538
0.066079
0.066469
0.06707
0.067674
0.068062
0.068682
0.069432
0.069765
scene_1
0.015432
0.016047
0.016491
0.017127
0.017624
0.018232
0.019782
0.019328
0.019951
0.020416
0.020909
0.021536
0.022021
0.022489
0.023052
0.023689
0.024121
0.024706
0.025142
0.025846
0.026262
0.026741
0.027275
0.027843
0.028319
0.028886
0.03172
0.029964
0.030464
0.031074
0.03155
0.032099
0.032725
0.033556
0.033721
0.034299
0.036732
0.036863
0.037348
0.03785
0.038229
0.038805
0.039351
0.039999
0.040377
0.041006
0.041591
0.042198
0.042615
0.043048
0.043728
0.044142
0.044655
0.045333
0.04586
0.046913
0.048474
0.048152
0.051211
0.049647
0.052768
0.049533
0.05013
0.050554
0.051182
0.051775
0.052099
0.052722
0.053206
0.053747
0.054245
0.054839
0.055488
0.055922
0.056328
0.057141
0.057496
0.058153
0.058594
0.059172
0.063503
0.061637
0.060703
0.061256
0.061762
0.062413
0.062922
0.063515
0.063945
0.064615
0.064964
0.065501
0.066158
0.066565
0.06695
0.067722
0.068328
0.068748
0.069418
0.069939
scene_2
0.028473
0.030603
0.0322
0.033872
0.035757
0.037686
0.039407
0.041388
0.042872
0.044453
0.046151
0.05101
0.050469
0.051816
0.053802
0.055239
0.056757
0.057989
0.059652
0.06146
0.063266
0.064938
0.066593
0.068962
0.070254
0.071898
0.073925
0.075203
0.076901
0.078576
0.080138
0.081886
0.083709
0.085336
0.087125
0.088819
0.095826
0.097332
0.098269
0.10051
0.101382
0.104882
0.106185
0.107427
0.108875
0.110453
0.112486
0.113908
0.115777
0.117178
0.119071
0.120943
0.122402
0.125886
0.128729
0.133461
0.129536
0.13087
0.13303
0.134231
0.136442
0.138119
0.140549
0.142029
0.143394
0.144734
0.147993
0.148337
0.150117
0.151737
0.152755
0.154993
0.156547
0.159202
0.16082
0.162302
0.163514
0.165257
0.166358
0.168615
0.170153
0.172294
0.173501
0.175988
0.178205
0.178796
0.181552
0.182769
0.184378
0.185776
0.187394
0.189276
0.194724
0.19218
0.194166
0.195703
0.19766
0.199264
0.201339
0.204781
scene_3
0.064368
0.069282
0.074253
0.079287
0.084381
0.089699
0.094829
0.100127
0.104741
0.109657
0.114669
0.119717
0.124776
0.129774
0.134767
0.139632
0.14493
0.149598
0.154732
0.159769
0.164639
0.169981
0.174654
0.179556
0.18488
0.189937
0.194864
0.199827
0.205939
0.209911
0.214952
0.219916
0.22477
0.23015
0.235171
0.248692
0.261025
0.266263
0.270929
0.275243
0.280511
0.285109
0.289579
0.296035
0.299776
0.30556
0.310106
0.315803
0.320666
0.324926
0.32958
0.334676
0.33951
0.344623
0.350828
0.356015
0.360244
0.364529
0.370882
0.374271
0.379565
0.385326
0.389434
0.395869
0.399639
0.405091
0.410977
0.414921
0.418656
0.424788
0.431697
0.436435
0.439856
0.445677
0.450402
0.455591
0.459871
0.46458
0.469795
0.474547
0.478856
0.485043
0.488711
0.500367
0.498477
0.504776
0.509018
0.516956
0.521959
0.525657
0.529673
0.534328
0.539948
0.546735
0.555373
0.554039
0.559568
0.564359
0.569677
0.57299
scene_4
0.021319
0.022862
0.023521
0.024614
0.025706
0.026939
0.028107
0.029103
0.030088
0.031162
0.032252
0.033246
0.034341
0.035316
0.036425
0.037538
0.038549
0.039695
0.040747
0.041816
0.042717
0.043838
0.044932
0.04597
0.046995
0.047986
0.049326
0.05026
0.051326
0.052234
0.05342
0.054636
0.05566
0.056705
0.057812
0.061796
0.062909
0.07479
0.067067
0.067919
0.06868
0.070216
0.071266
0.072727
0.071577
0.07252
0.073524
0.076076
0.075963
0.076683
0.077876
0.078844
0.079959
0.08071
0.081736
0.082965
0.083981
0.085114
0.086228
0.087717
0.088503
0.089637
0.090578
0.091726
0.092495
0.093759
0.094948
0.095891
0.097026
0.097764
0.098663
0.10032
0.101064
0.102114
0.103254
0.104321
0.105641
0.106374
0.107289
0.108512
0.111951
0.110979
0.111721
0.113019
0.114104
0.115314
0.115848
0.117929
0.11833
0.120307
0.120866
0.121868
0.122617
0.124239
0.125023
0.126027
0.126635
0.127802
0.129608
0.129933
END
END
END
END
END
