: TEST_ITERATIONS: 100 COMMAND_SIZE: 100
scene_0
0.014517
0.016069
0.017738
0.019457
0.029567
0.023577
0.024187
0.025838
0.028748
0.030237
0.032106
0.034075
0.035326
0.037351
0.038791
0.040537
0.043707
0.04462
0.04641
0.048543
0.049397
0.051273
0.05318
0.055024
0.056742
0.060884
0.073599
0.067789
0.069973
0.065894
0.067863
0.069783
0.073436
0.075199
0.078787
0.088859
0.087009
0.089248
0.090787
0.092562
0.094201
0.096071
0.098175
0.100254
0.101736
0.103509
0.105246
0.107298
0.116032
0.110465
0.111249
0.113096
0.115287
0.119529
0.120163
0.122892
0.122779
0.124089
0.125612
0.127892
0.13052
0.132049
0.133895
0.136012
0.137669
0.139995
0.141404
0.142949
0.14499
0.146799
0.147595
0.149489
0.15297
0.154724
0.156404
0.158186
0.160439
0.162161
0.164001
0.165685
0.167552
0.169262
0.170977
0.172277
0.174443
0.177082
0.179329
0.181403
0.1829
0.185186
0.1866
0.188811
0.190283
0.192155
0.194436
0.195812
0.197828
0.199268
0.201434
0.202294
scene_1
0.014316
0.01604
0.017674
0.019401
0.021086
0.022542
0.024109
0.025796
0.028681
0.03027
0.031978
0.033688
0.035429
0.037307
0.03873
0.040472
0.042164
0.04397
0.045782
0.047646
0.049419
0.051284
0.053166
0.054989
0.05682
0.061281
0.074458
0.068026
0.069361
0.066077
0.067906
0.06973
0.073822
0.075796
0.078919
0.087095
0.08755
0.089608
0.091143
0.092943
0.094622
0.096486
0.098372
0.10005
0.10189
0.103714
0.105695
0.107539
0.109558
0.111126
0.112966
0.115285
0.115638
0.117504
0.12006
0.121473
0.123558
0.125039
0.125771
0.127766
0.129836
0.131421
0.133244
0.135431
0.137186
0.139117
0.14073
0.142525
0.144431
0.146481
0.147879
0.15022
0.152293
0.154263
0.15552
0.15766
0.159313
0.161264
0.163026
0.165048
0.166592
0.169525
0.171335
0.17349
0.175074
0.177001
0.182655
0.179291
0.1811
0.183336
0.184781
0.18671
0.188843
0.19187
0.195241
0.193775
0.196121
0.198131
0.199856
0.201528
scene_2
0.025095
0.030355
0.035764
0.041368
0.046604
0.051513
0.056798
0.062197
0.072796
0.07765
0.082332
0.087583
0.093902
0.098266
0.103118
0.10879
0.114465
0.120908
0.12592
0.132062
0.137641
0.143714
0.149666
0.156105
0.162963
0.177501
0.211325
0.199956
0.205453
0.191973
0.1979
0.203915
0.215533
0.220622
0.231445
0.262498
0.263512
0.264303
0.267241
0.272202
0.277953
0.284082
0.2903
0.296716
0.303269
0.3078
0.313159
0.319673
0.32562
0.332199
0.337301
0.343079
0.347697
0.35503
0.361122
0.367232
0.375382
0.381579
0.387129
0.392614
0.41065
0.400602
0.409264
0.415002
0.4203
0.430751
0.431379
0.437761
0.444432
0.454464
0.4558
0.463411
0.46892
0.47615
0.48282
0.486271
0.491391
0.498501
0.504468
0.509953
0.515973
0.524285
0.529328
0.533491
0.539444
0.545884
0.551876
0.557515
0.57061
0.570565
0.575172
0.581271
0.588858
0.594027
0.600953
0.605615
0.611875
0.61757
0.623875
0.629498
scene_3
0.051125
0.066539
0.082292
0.09783
0.117494
0.133147
0.147483
0.163019
0.184899
0.201944
0.214987
0.231236
0.24737
0.263576
0.279672
0.296019
0.313575
0.331074
0.347626
0.366375
0.384652
0.401359
0.418336
0.435338
0.452501
0.483084
0.596206
0.576666
0.593901
0.578853
0.596116
0.615478
0.643961
0.657968
0.648031
0.708214
0.725285
0.740308
0.756796
0.772505
0.789545
0.816571
0.824948
0.842062
0.863136
0.879062
0.896338
0.911928
0.928237
0.947075
0.965901
0.997269
0.998852
1.01533
1.0363
1.05439
1.06946
1.08558
1.10355
1.11946
1.13782
1.15375
1.17329
1.19039
1.2058
1.22438
1.24092
1.25871
1.27738
1.29286
1.31229
1.33009
1.34901
1.36568
1.38169
1.39912
1.41714
1.43526
1.4523
1.4696
1.48641
1.50305
1.52192
1.53936
1.55636
1.57426
1.59293
1.60915
1.6262
1.64841
1.66423
1.68129
1.69853
1.71751
1.7337
1.75064
1.76797
1.787
1.80327
1.81998
scene_4
0.019512
0.022824
0.025699
0.030215
0.034152
0.036269
0.039923
0.043288
0.048845
0.051721
0.055342
0.058674
0.062866
0.065658
0.068057
0.071004
0.074575
0.078107
0.081908
0.085407
0.089211
0.092865
0.096467
0.100465
0.103703
0.111008
0.136824
0.129172
0.130926
0.125763
0.12849
0.132934
0.139501
0.142923
0.146292
0.160361
0.161872
0.164968
0.167925
0.172156
0.175796
0.179594
0.182716
0.186985
0.19259
0.195728
0.199837
0.202787
0.206066
0.210952
0.214634
0.219577
0.220752
0.223302
0.227211
0.231086
0.234976
0.23824
0.241155
0.247448
0.25176
0.252945
0.256477
0.260535
0.264143
0.268034
0.27151
0.274921
0.278811
0.284577
0.288316
0.291467
0.294826
0.298435
0.302614
0.306465
0.310776
0.31403
0.317421
0.322055
0.3254
0.327442
0.331386
0.33483
0.337848
0.34217
0.34612
0.349667
0.353375
0.357316
0.36085
0.364489
0.36827
0.372593
0.375508
0.37873
0.383414
0.387288
0.39141
0.39584
END
END
END
END
END
