: TEST_ITERATIONS: 100 COMMAND_SIZE: 100
scene_0
0.02136
0.016101
0.017665
0.017378
0.018721
0.019007
0.020622
0.020351
0.020973
0.021636
0.022335
0.022957
0.023689
0.024291
0.024961
0.025705
0.026398
0.026994
0.027684
0.02838
0.029031
0.029652
0.030387
0.031129
0.031699
0.032422
0.033072
0.033668
0.034359
0.035081
0.035697
0.036459
0.037056
0.037786
0.038445
0.040597
0.041152
0.041825
0.042474
0.043135
0.044037
0.044551
0.045199
0.045885
0.046586
0.04723
0.047774
0.048623
0.049147
0.049794
0.050511
0.051436
0.052819
0.053335
0.053592
0.054636
0.055163
0.056025
0.056368
0.056958
0.057915
0.058653
0.059304
0.059841
0.060802
0.061226
0.061944
0.06248
0.063618
0.066679
0.06428
0.064788
0.065456
0.066024
0.066752
0.067338
0.067988
0.068673
0.069513
0.070095
0.07057
0.071363
0.072011
0.072737
0.073499
0.074456
0.074567
0.075318
0.076071
0.076623
0.077371
0.077963
0.078614
0.079385
0.080213
0.080914
0.081632
0.082143
0.082967
0.083425
scene_1
0.015317
0.022908
0.016682
0.017344
0.018234
0.018983
0.019665
0.020385
0.020949
0.021659
0.022392
0.023032
0.023601
0.024298
0.025058
0.025643
0.026332
0.027019
0.027672
0.028383
0.029051
0.029643
0.030369
0.031015
0.031749
0.032447
0.033054
0.033851
0.034414
0.035093
0.035737
0.036428
0.037085
0.037914
0.038666
0.040478
0.041072
0.041815
0.04244
0.043101
0.043995
0.04451
0.045263
0.045987
0.046456
0.04711
0.047877
0.048597
0.049285
0.049921
0.050607
0.051383
0.052195
0.052513
0.053448
0.054
0.054662
0.055334
0.055863
0.056667
0.057167
0.058378
0.05857
0.059308
0.059888
0.060676
0.061319
0.061978
0.062779
0.063415
0.06417
0.064663
0.065232
0.066004
0.066643
0.067213
0.068088
0.068574
0.069243
0.069982
0.070919
0.071306
0.072061
0.072738
0.07325
0.073929
0.074685
0.075317
0.075919
0.076597
0.077461
0.077885
0.078786
0.080999
0.082499
0.083837
0.082995
0.08398
0.084741
0.084328
scene_2
0.028089
0.030329
0.032437
0.034799
0.037429
0.040135
0.042187
0.044238
0.046413
0.048349
0.050638
0.05273
0.055008
0.05714
0.059166
0.061374
0.063691
0.06578
0.067896
0.07001
0.072329
0.074573
0.076809
0.078681
0.081167
0.083219
0.085342
0.087605
0.089474
0.09154
0.093879
0.096189
0.098174
0.100683
0.102552
0.109116
0.111509
0.11327
0.117082
0.117716
0.12021
0.12427
0.126661
0.128613
0.13136
0.131031
0.134469
0.137535
0.137076
0.140158
0.141678
0.143922
0.146196
0.147666
0.149796
0.152053
0.154333
0.156509
0.158192
0.160762
0.162519
0.165892
0.16656
0.168347
0.1721
0.173234
0.17577
0.177933
0.179642
0.182475
0.184558
0.186391
0.189273
0.191429
0.194144
0.195137
0.196766
0.199596
0.202466
0.203425
0.206446
0.207823
0.210079
0.2125
0.214467
0.217538
0.21808
0.2207
0.223813
0.224425
0.227393
0.229698
0.231374
0.233355
0.235731
0.237784
0.241149
0.242297
0.245035
0.247008
scene_3
0.065869
0.069126
0.077714
0.082181
0.090192
0.097422
0.10415
0.110639
0.11634
0.127101
0.129583
0.134844
0.141345
0.14771
0.153762
0.160337
0.166461
0.172797
0.179254
0.185509
0.19204
0.197764
0.20447
0.210412
0.217037
0.223858
0.229451
0.235865
0.242538
0.248855
0.255224
0.267567
0.275995
0.282745
0.293741
0.300867
0.306424
0.313122
0.319418
0.325316
0.331464
0.337533
0.34379
0.35076
0.356287
0.362741
0.369721
0.377038
0.381851
0.388071
0.39344
0.400748
0.406038
0.413248
0.418914
0.42659
0.431571
0.438419
0.443893
0.450927
0.457552
0.463117
0.470058
0.476142
0.482657
0.48926
0.49527
0.506384
0.508367
0.513257
0.521012
0.52626
0.533113
0.53931
0.544899
0.553673
0.558008
0.564405
0.571912
0.577581
0.585032
0.589219
0.596107
0.602922
0.609879
0.614418
0.620909
0.627346
0.635267
0.639597
0.646178
0.652813
0.658246
0.66515
0.674957
0.678315
0.68351
0.689898
0.697981
0.710509
scene_4
0.021272
0.022479
0.023886
0.02525
0.02693
0.02855
0.029894
0.031216
0.032509
0.033759
0.035115
0.036433
0.037746
0.039171
0.040531
0.041766
0.043287
0.044444
0.045852
0.047258
0.048653
0.049949
0.051207
0.052655
0.054007
0.055423
0.05681
0.057829
0.059398
0.060926
0.062007
0.064123
0.065346
0.066701
0.068143
0.07167
0.072931
0.074067
0.0758
0.077018
0.078139
0.079597
0.082637
0.084453
0.083651
0.085045
0.0867
0.087754
0.089214
0.090629
0.091871
0.093157
0.094413
0.095457
0.096809
0.0987
0.099869
0.10126
0.102739
0.104296
0.105523
0.106491
0.107951
0.109585
0.110536
0.112406
0.113062
0.115484
0.116118
0.117118
0.118868
0.119861
0.121033
0.122421
0.124243
0.125122
0.127329
0.12778
0.129176
0.130853
0.132108
0.133656
0.135024
0.135857
0.137342
0.139462
0.14009
0.142494
0.143031
0.144658
0.145426
0.147042
0.14818
0.14996
0.15033
0.152645
0.153923
0.154919
0.155846
0.156975
END
END
END
END
END
