: TEST_ITERATIONS: 100 COMMAND_SIZE: 100
scene_0
0.019238
0.014048
0.014253
0.014479
0.014711
0.014961
0.015194
0.015443
0.015802
0.016014
0.016275
0.01638
0.016634
0.016835
0.017154
0.017318
0.017588
0.017797
0.018028
0.018405
0.018595
0.01891
0.019183
0.019295
0.019569
0.019833
0.021087
0.020392
0.020613
0.0207
0.021025
0.021288
0.021551
0.021744
0.022
0.022308
0.02285
0.023034
0.023401
0.023471
0.023741
0.023965
0.024324
0.024576
0.024729
0.024989
0.025281
0.0255
0.025709
0.025938
0.026108
0.026354
0.026713
0.02701
0.027099
0.027481
0.02758
0.027938
0.028127
0.028321
0.028437
0.028791
0.029325
0.029428
0.029527
0.029656
0.029952
0.030166
0.030486
0.035468
0.030839
0.031171
0.031284
0.031743
0.031886
0.032228
0.032462
0.032795
0.032986
0.033121
0.033487
0.033599
0.033762
0.034033
0.0344
0.034496
0.034879
0.034953
0.035254
0.035457
0.035637
0.036101
0.036374
0.036549
0.036544
0.036897
0.037458
0.037418
0.037721
0.037862
scene_1
0.013851
0.014171
0.01425
0.014616
0.014841
0.015064
0.015271
0.0156
0.020294
0.01599
0.016269
0.016464
0.016776
0.016956
0.017194
0.017392
0.017626
0.017906
0.018122
0.018425
0.018627
0.018831
0.019147
0.019314
0.019667
0.019827
0.020016
0.020423
0.020576
0.020863
0.021039
0.021211
0.021513
0.021867
0.022094
0.022229
0.022884
0.023133
0.023258
0.023605
0.023695
0.024035
0.024234
0.024387
0.024712
0.025039
0.02524
0.025533
0.025638
0.025918
0.026134
0.026393
0.026635
0.026935
0.027148
0.027399
0.027595
0.028
0.028178
0.028317
0.028589
0.029262
0.029191
0.029368
0.029483
0.029897
0.029954
0.030285
0.030539
0.030675
0.030877
0.03144
0.031527
0.031545
0.031883
0.03218
0.032335
0.032704
0.039503
0.033005
0.033421
0.033528
0.033797
0.034224
0.03434
0.034598
0.034775
0.035112
0.035302
0.035678
0.035697
0.036159
0.036412
0.03642
0.036805
0.036803
0.037161
0.037508
0.037709
0.037833
scene_2
0.023433
0.024238
0.024966
0.025716
0.0265
0.027305
0.028053
0.028854
0.029552
0.030362
0.031177
0.03178
0.032624
0.033508
0.034197
0.035004
0.035707
0.036464
0.037334
0.03803
0.038774
0.039596
0.04034
0.040999
0.041947
0.042667
0.043403
0.044282
0.044926
0.045776
0.046519
0.047318
0.048145
0.054066
0.04952
0.050394
0.052512
0.053034
0.053885
0.054632
0.055457
0.05611
0.056794
0.057548
0.058541
0.059188
0.059948
0.060692
0.061448
0.062133
0.062928
0.063736
0.064534
0.065212
0.065986
0.066873
0.067629
0.068231
0.069339
0.070032
0.070734
0.071706
0.072216
0.072942
0.073801
0.074526
0.075315
0.076252
0.07696
0.077722
0.078645
0.079266
0.079929
0.080866
0.081613
0.082243
0.083062
0.08364
0.084415
0.085157
0.086111
0.086873
0.08752
0.088585
0.088865
0.09016
0.090866
0.091676
0.092448
0.093245
0.093855
0.094886
0.095213
0.096291
0.097292
0.098751
0.099267
0.099007
0.099507
0.100822
scene_3
0.051682
0.054034
0.056761
0.058894
0.061243
0.063824
0.066058
0.0682
0.070572
0.073065
0.074957
0.076879
0.079346
0.08163
0.083262
0.085641
0.087817
0.090048
0.092389
0.094505
0.096828
0.09899
0.101322
0.103619
0.105745
0.108184
0.110365
0.112522
0.114924
0.117168
0.119275
0.121823
0.124042
0.127645
0.130485
0.132651
0.13806
0.139853
0.142222
0.144089
0.146669
0.148817
0.151163
0.153246
0.156038
0.157687
0.159952
0.161936
0.164543
0.167025
0.169073
0.171423
0.173377
0.175408
0.177749
0.180191
0.182428
0.184682
0.187054
0.189055
0.19166
0.193749
0.195675
0.197998
0.200401
0.202732
0.205063
0.207549
0.208918
0.212051
0.213931
0.216157
0.21804
0.220667
0.22278
0.224612
0.227239
0.229468
0.231706
0.234377
0.236461
0.238324
0.240871
0.243394
0.245045
0.247403
0.250011
0.251716
0.254174
0.256615
0.259652
0.260607
0.262939
0.26545
0.268377
0.269994
0.271976
0.274598
0.276822
0.278685
scene_4
0.018438
0.018945
0.019538
0.019992
0.020438
0.020967
0.021471
0.021908
0.022376
0.022917
0.023317
0.023851
0.024258
0.024747
0.025233
0.025659
0.026234
0.026667
0.027119
0.027638
0.028047
0.028621
0.029041
0.029519
0.029899
0.030556
0.030944
0.031343
0.031947
0.032398
0.032892
0.0333
0.033905
0.0345
0.035039
0.035625
0.03687
0.037036
0.037621
0.038174
0.038663
0.039064
0.039516
0.040073
0.040578
0.04099
0.041398
0.041774
0.042371
0.042798
0.043328
0.043807
0.044401
0.044868
0.045289
0.045622
0.046108
0.046705
0.047243
0.047746
0.048107
0.048625
0.049244
0.049533
0.04996
0.050382
0.050887
0.051407
0.052069
0.052515
0.053008
0.053364
0.053812
0.054302
0.054904
0.055162
0.055692
0.056137
0.056662
0.057249
0.057532
0.058304
0.058676
0.059282
0.059461
0.060037
0.060674
0.060996
0.061735
0.062052
0.062328
0.063098
0.06344
0.063945
0.064322
0.065077
0.065362
0.065675
0.066433
0.06685
END
END
END
END
END
