: TEST_ITERATIONS: 100 COMMAND_SIZE: 100
scene_0
0.015117
0.016036
0.017738
0.019438
0.021054
0.022578
0.024206
0.025808
0.028691
0.0308
0.032311
0.033924
0.035309
0.037195
0.038874
0.040488
0.042318
0.04413
0.046051
0.047813
0.049582
0.05117
0.053305
0.054951
0.057086
0.061146
0.070568
0.070713
0.064514
0.07074
0.067761
0.069551
0.071488
0.074998
0.079021
0.080121
0.085564
0.087341
0.089643
0.091085
0.092614
0.095145
0.097895
0.099631
0.101016
0.103134
0.104178
0.106689
0.10781
0.10937
0.111343
0.113347
0.114728
0.116628
0.118428
0.121529
0.122916
0.125102
0.126633
0.128649
0.130683
0.13303
0.133908
0.136809
0.138559
0.140101
0.147787
0.142285
0.144264
0.145951
0.147805
0.149449
0.15169
0.154091
0.156488
0.157673
0.159795
0.161151
0.163426
0.164857
0.167009
0.168435
0.169973
0.172127
0.173686
0.175823
0.177402
0.179186
0.18123
0.183564
0.185388
0.187221
0.188972
0.190587
0.192877
0.194275
0.196452
0.199216
0.200133
0.202181
scene_1
0.014391
0.020438
0.017716
0.019427
0.021054
0.02263
0.02422
0.025755
0.028656
0.030312
0.031925
0.033663
0.035216
0.036861
0.038593
0.040553
0.04226
0.044053
0.04598
0.047684
0.049571
0.051255
0.052972
0.054812
0.05673
0.06078
0.069795
0.069299
0.06418
0.065962
0.067912
0.069689
0.071471
0.075109
0.079222
0.080386
0.086869
0.089092
0.090283
0.091369
0.094432
0.095736
0.097709
0.099461
0.101133
0.103122
0.104237
0.10676
0.108433
0.11032
0.112344
0.114091
0.116052
0.117974
0.120004
0.121749
0.122961
0.125092
0.126693
0.128603
0.130613
0.132955
0.133988
0.13685
0.138559
0.14008
0.141388
0.143009
0.14545
0.146668
0.148637
0.1509
0.152524
0.154729
0.168876
0.157246
0.159154
0.160809
0.162763
0.1645
0.16642
0.168448
0.170056
0.172016
0.174017
0.176383
0.178382
0.179816
0.181119
0.183455
0.185308
0.188516
0.188788
0.190585
0.193688
0.195054
0.196678
0.198346
0.199845
0.20171
scene_2
0.025053
0.030372
0.035809
0.04133
0.046662
0.05148
0.056879
0.062305
0.07228
0.07611
0.081536
0.087441
0.092817
0.097461
0.102945
0.108475
0.114424
0.120117
0.126047
0.131753
0.137743
0.143354
0.149588
0.155343
0.161478
0.174061
0.204946
0.211868
0.187499
0.193292
0.198584
0.204349
0.208869
0.220041
0.233296
0.237237
0.254075
0.260106
0.268258
0.272675
0.281029
0.285456
0.292315
0.298257
0.303707
0.309628
0.313714
0.320908
0.327203
0.332921
0.339131
0.345244
0.351528
0.357252
0.3639
0.368846
0.374141
0.379549
0.384656
0.391593
0.396531
0.400073
0.408305
0.414114
0.421467
0.42594
0.432106
0.43923
0.443844
0.450877
0.456896
0.463682
0.469277
0.47666
0.482305
0.48664
0.494465
0.498893
0.505525
0.511241
0.517524
0.523595
0.530263
0.534859
0.540172
0.547321
0.553945
0.557952
0.566364
0.57308
0.577831
0.584111
0.590086
0.59624
0.602543
0.607612
0.61219
0.618285
0.624269
0.629612
scene_3
0.051163
0.066675
0.082436
0.097951
0.118408
0.133004
0.148098
0.163195
0.183043
0.198754
0.214536
0.231015
0.247258
0.262827
0.279571
0.295826
0.313161
0.33099
0.347498
0.365726
0.38335
0.400591
0.417584
0.435606
0.452348
0.485868
0.576804
0.590546
0.570361
0.574687
0.557463
0.57593
0.593312
0.619494
0.652921
0.66677
0.72079
0.738014
0.756944
0.773058
0.789119
0.805241
0.824125
0.841138
0.861738
0.877703
0.893561
0.911989
0.928781
0.946105
0.962262
0.9772
0.997902
1.01578
1.0316
1.04837
1.06726
1.08507
1.10317
1.11948
1.13689
1.15205
1.16985
1.19021
1.20701
1.22338
1.24117
1.26006
1.27624
1.29273
1.31043
1.3269
1.34564
1.36241
1.38016
1.39888
1.41619
1.43462
1.45057
1.46674
1.48667
1.5041
1.52087
1.54003
1.55766
1.57589
1.59317
1.60807
1.62856
1.64765
1.66253
1.68152
1.69764
1.7164
1.73157
1.74981
1.7679
1.78521
1.80106
1.82046
scene_4
0.019025
0.022303
0.025647
0.029038
0.032784
0.035798
0.039128
0.04222
0.047332
0.050654
0.053994
0.057693
0.060589
0.063944
0.067611
0.070993
0.074424
0.078206
0.08178
0.085425
0.089249
0.092845
0.096539
0.100408
0.103797
0.113493
0.132853
0.13572
0.12421
0.125698
0.126157
0.12988
0.133487
0.140906
0.148068
0.150633
0.163358
0.16741
0.170527
0.17306
0.178469
0.181361
0.185137
0.188936
0.192268
0.196063
0.198586
0.203401
0.206739
0.210609
0.214283
0.218244
0.221879
0.226095
0.229589
0.233148
0.236193
0.240115
0.243494
0.247319
0.251221
0.255616
0.25836
0.263422
0.26635
0.269608
0.27307
0.276225
0.28105
0.283494
0.287874
0.291949
0.295416
0.299787
0.303555
0.306403
0.310846
0.313829
0.3174
0.32164
0.324999
0.328816
0.333541
0.336419
0.339399
0.343574
0.347326
0.350794
0.355372
0.359846
0.362433
0.366111
0.369333
0.372886
0.377657
0.381276
0.384838
0.388994
0.391967
0.395974
END
END
END
END
END
