: TEST_ITERATIONS: 100 COMMAND_SIZE: 100
scene_0
0.017946
0.016102
0.016892
0.017491
0.018675
0.019075
0.019749
0.02058
0.021219
0.021972
0.022475
0.023476
0.023934
0.024807
0.025276
0.026238
0.026782
0.028122
0.027834
0.028427
0.029066
0.029728
0.03044
0.031044
0.031758
0.032427
0.033073
0.033738
0.034424
0.03501
0.035787
0.036548
0.037099
0.037827
0.039903
0.0406
0.04116
0.041758
0.04265
0.043166
0.043827
0.044544
0.04513
0.045869
0.046677
0.047168
0.047865
0.048704
0.049105
0.050018
0.050488
0.051106
0.051821
0.052794
0.053251
0.053944
0.054622
0.055506
0.05594
0.056622
0.057291
0.057978
0.058774
0.059366
0.06009
0.06066
0.061366
0.06208
0.06277
0.063272
0.064032
0.064556
0.065277
0.066244
0.066626
0.067231
0.067932
0.068499
0.069337
0.070122
0.071116
0.071561
0.071909
0.07277
0.073511
0.07396
0.074641
0.075425
0.076064
0.076747
0.077642
0.078145
0.078733
0.079179
0.079996
0.080842
0.081558
0.082266
0.082983
0.083419
scene_1
0.015297
0.016019
0.016602
0.017416
0.01827
0.019099
0.019785
0.020366
0.020939
0.021671
0.022301
0.022968
0.023634
0.024346
0.024995
0.025707
0.026263
0.027012
0.027703
0.028408
0.029183
0.029881
0.030475
0.031132
0.031745
0.032412
0.033098
0.033815
0.034504
0.035054
0.035813
0.036391
0.037087
0.037802
0.039876
0.040487
0.04117
0.041878
0.042404
0.043054
0.043655
0.044595
0.044986
0.04583
0.046475
0.04723
0.04781
0.048519
0.049413
0.049791
0.050439
0.051263
0.051873
0.052462
0.052993
0.05403
0.054505
0.055223
0.055813
0.056701
0.05706
0.058118
0.05848
0.059015
0.059914
0.06051
0.061468
0.061796
0.062586
0.063212
0.063926
0.064682
0.06527
0.065914
0.066554
0.0674
0.068079
0.068824
0.069286
0.070003
0.073689
0.071787
0.072801
0.072871
0.07345
0.074044
0.074795
0.075378
0.075856
0.076982
0.077556
0.078303
0.078912
0.080072
0.080291
0.08065
0.081502
0.082203
0.082733
0.083502
scene_2
0.028262
0.030387
0.032512
0.034715
0.037648
0.040143
0.042316
0.044229
0.046419
0.048364
0.050743
0.05284
0.055178
0.05725
0.059434
0.061621
0.063791
0.066023
0.068165
0.070158
0.072341
0.07457
0.076616
0.078795
0.080939
0.083226
0.085558
0.08742
0.089864
0.091847
0.093879
0.095919
0.098363
0.100427
0.1074
0.109025
0.111253
0.113181
0.115342
0.117191
0.119441
0.122142
0.12367
0.126123
0.128465
0.13037
0.132542
0.134935
0.137138
0.139506
0.141281
0.143901
0.14567
0.148624
0.149991
0.152173
0.154109
0.156929
0.158706
0.16051
0.162947
0.165371
0.167006
0.169948
0.171499
0.173783
0.175719
0.177664
0.180624
0.182722
0.184673
0.18622
0.188544
0.191173
0.193279
0.195045
0.196965
0.199335
0.20212
0.203567
0.205591
0.208216
0.210443
0.212434
0.214543
0.21729
0.218664
0.221401
0.222752
0.225204
0.227246
0.229736
0.231569
0.233604
0.23588
0.238236
0.240841
0.243415
0.244498
0.247347
scene_3
0.063314
0.069305
0.075639
0.082113
0.090572
0.097613
0.1039
0.110105
0.116345
0.122401
0.128685
0.135354
0.141499
0.147665
0.153962
0.160644
0.166712
0.172932
0.179168
0.185612
0.191752
0.198181
0.20436
0.210825
0.217121
0.223816
0.23845
0.236297
0.242583
0.248718
0.255209
0.261639
0.268009
0.274283
0.291962
0.2999
0.306907
0.31225
0.318923
0.323964
0.331994
0.338462
0.343635
0.350831
0.357222
0.362325
0.369757
0.375011
0.38132
0.3883
0.394346
0.400642
0.407546
0.418445
0.419512
0.426091
0.431867
0.437943
0.444197
0.450804
0.457901
0.463611
0.470458
0.475195
0.48249
0.488845
0.494984
0.501728
0.508494
0.513362
0.520824
0.526585
0.532531
0.538215
0.545134
0.551861
0.558359
0.56495
0.570565
0.577062
0.582571
0.589639
0.597435
0.603106
0.609214
0.614516
0.621192
0.629095
0.634341
0.640335
0.645678
0.652435
0.658922
0.666401
0.670537
0.67857
0.683631
0.690418
0.697162
0.703645
scene_4
0.021149
0.022533
0.023876
0.025331
0.027018
0.028636
0.03008
0.031228
0.032523
0.033888
0.035229
0.036563
0.037909
0.039208
0.040663
0.041951
0.043289
0.044699
0.045926
0.047452
0.048617
0.050142
0.051411
0.05271
0.053918
0.055402
0.057471
0.058127
0.059372
0.060704
0.062269
0.063504
0.064813
0.066143
0.070167
0.071593
0.073272
0.074174
0.075586
0.076881
0.078374
0.079518
0.080908
0.082291
0.083806
0.085016
0.086212
0.087781
0.089171
0.09059
0.091827
0.093485
0.094416
0.095969
0.097353
0.098656
0.099742
0.101306
0.102277
0.103871
0.105068
0.106675
0.108088
0.109346
0.110794
0.111785
0.11326
0.11442
0.115941
0.117167
0.118628
0.120085
0.121414
0.12277
0.124039
0.125939
0.126506
0.128019
0.129549
0.130655
0.13259
0.134202
0.135465
0.136387
0.137832
0.138846
0.139928
0.141518
0.142768
0.1442
0.145744
0.146941
0.148394
0.14991
0.151231
0.152316
0.154041
0.154925
0.156479
0.157874
END
END
END
END
END
