: TEST_ITERATIONS: 100 COMMAND_SIZE: 100
scene_0
0.014474
0.014061
0.014326
0.014574
0.014847
0.015092
0.015363
0.015623
0.015907
0.016194
0.016453
0.016697
0.017022
0.017199
0.017517
0.017792
0.018017
0.018331
0.018492
0.0189
0.019117
0.019356
0.019631
0.019942
0.02013
0.020468
0.020677
0.021025
0.02123
0.021451
0.021764
0.022052
0.02228
0.022526
0.022887
0.023878
0.024112
0.02445
0.024621
0.024933
0.025211
0.025448
0.025704
0.026034
0.026351
0.026419
0.026757
0.027132
0.027412
0.027558
0.027741
0.028133
0.028513
0.028542
0.028989
0.029316
0.029317
0.029755
0.030041
0.030308
0.030516
0.030732
0.031065
0.031252
0.031493
0.031841
0.032011
0.032509
0.032695
0.032874
0.033097
0.033545
0.033709
0.034025
0.034274
0.034512
0.034744
0.035017
0.035197
0.03557
0.035932
0.036113
0.036403
0.036521
0.036932
0.037081
0.03736
0.037745
0.037992
0.038371
0.038504
0.03869
0.038957
0.039352
0.039419
0.039725
0.039947
0.040365
0.040718
0.040799
scene_1
0.013798
0.014095
0.014274
0.01461
0.014792
0.015097
0.015374
0.015685
0.015816
0.016098
0.016385
0.016678
0.017006
0.017247
0.01748
0.017772
0.018011
0.018344
0.018591
0.018796
0.019065
0.019341
0.019628
0.019862
0.020158
0.020321
0.020642
0.020949
0.0212
0.021533
0.02174
0.021954
0.022174
0.022539
0.0228
0.023838
0.024111
0.024315
0.024621
0.024859
0.025082
0.025438
0.025743
0.025895
0.026282
0.026505
0.026774
0.027021
0.027452
0.027687
0.027777
0.028025
0.028446
0.028646
0.028882
0.029121
0.029353
0.029663
0.030034
0.030199
0.030422
0.03078
0.03104
0.031321
0.031443
0.031827
0.031963
0.03254
0.032645
0.032811
0.033084
0.033464
0.0337
0.033904
0.034266
0.034412
0.034673
0.035015
0.035229
0.035553
0.035736
0.036005
0.036345
0.036581
0.036932
0.03711
0.037368
0.037624
0.037955
0.038332
0.03839
0.038725
0.038951
0.039451
0.039551
0.039744
0.040066
0.040373
0.040609
0.040789
scene_2
0.023374
0.02409
0.024936
0.025792
0.02663
0.027527
0.028372
0.029078
0.030023
0.030926
0.031639
0.032625
0.033545
0.034264
0.03522
0.036076
0.036796
0.037823
0.0386
0.039445
0.040251
0.041111
0.042039
0.042747
0.043772
0.044607
0.045316
0.046234
0.047096
0.047964
0.048928
0.049709
0.050488
0.051492
0.052305
0.055696
0.056355
0.057239
0.058249
0.058909
0.05974
0.060654
0.061265
0.06221
0.063122
0.064023
0.064909
0.065868
0.067028
0.067577
0.068249
0.069316
0.070121
0.070742
0.071534
0.072592
0.073275
0.07421
0.075233
0.076047
0.077132
0.077818
0.07842
0.079322
0.080139
0.081198
0.082014
0.083082
0.083825
0.084383
0.085217
0.086279
0.08721
0.087967
0.088989
0.089737
0.09062
0.091452
0.091991
0.092897
0.094256
0.094792
0.095593
0.096684
0.097504
0.098272
0.098807
0.099685
0.100816
0.101842
0.102332
0.103239
0.104039
0.1052
0.106087
0.106459
0.107624
0.108213
0.109318
0.110269
scene_3
0.053935
0.056556
0.058417
0.060314
0.063483
0.065662
0.067688
0.069685
0.072133
0.074681
0.077707
0.080341
0.082426
0.084593
0.087378
0.089775
0.092159
0.094929
0.0973
0.099842
0.102548
0.10488
0.10728
0.109854
0.112353
0.114702
0.117338
0.120023
0.122335
0.124769
0.127233
0.129544
0.132087
0.134702
0.136984
0.145835
0.150638
0.153698
0.156072
0.158856
0.160958
0.16379
0.166245
0.16895
0.171006
0.17353
0.176214
0.178775
0.180966
0.184066
0.186876
0.189208
0.191455
0.193662
0.19651
0.198958
0.201371
0.203583
0.206503
0.208592
0.21147
0.213743
0.216103
0.21872
0.220964
0.223313
0.226174
0.228675
0.231677
0.233756
0.236155
0.239063
0.241672
0.243524
0.24662
0.248858
0.251549
0.253875
0.256299
0.258939
0.26114
0.263918
0.266043
0.268851
0.271409
0.274217
0.275935
0.278783
0.281373
0.283158
0.285859
0.288489
0.290892
0.293643
0.296318
0.299026
0.301741
0.304187
0.306564
0.308324
scene_4
0.018638
0.019188
0.019665
0.020136
0.020673
0.02128
0.021678
0.022232
0.022712
0.023275
0.023841
0.024373
0.024887
0.025429
0.025906
0.026409
0.027021
0.027508
0.028071
0.028585
0.02924
0.029771
0.030177
0.030653
0.031312
0.03179
0.032406
0.03277
0.033457
0.034091
0.034457
0.035173
0.035569
0.036212
0.036642
0.038605
0.039343
0.039838
0.040518
0.04102
0.04167
0.042019
0.042678
0.043211
0.043575
0.044119
0.044742
0.045287
0.045804
0.046395
0.046999
0.047246
0.048202
0.048715
0.049216
0.049443
0.049935
0.050566
0.050999
0.051699
0.052235
0.052526
0.053245
0.053738
0.054308
0.054701
0.055384
0.055976
0.05648
0.056791
0.05761
0.058074
0.058831
0.059231
0.059706
0.060217
0.060747
0.061035
0.061871
0.062704
0.062856
0.063213
0.063983
0.064641
0.065072
0.065516
0.066212
0.066535
0.067154
0.067889
0.068106
0.068487
0.069176
0.069889
0.070273
0.070655
0.071304
0.071944
0.072505
0.073082
END
END
END
END
END
